1093374462
2850199126
458785205
738109687
1563972709
1781149682
2563102300
636332781
3932194078
2665507111
2488004414
1292610211
651735413
4914990
8035064
493836906
3081595233
1540840351
3378633275
242407399
2146652176
855368461
3809541396
1745609394
4185776332
2928116253
2282100077
856575193
1741154355
2893951014
189162707
851744566
3417674109
2266898749
27229699
3548352719
2406039607
2733709394
3513097458
2870945938
4073607477
1601215593
2441671017
177204030
3863468351
3926103136
3120903237
934730964
3923631171
3640660907
3011635069
2460980282
2975163655
1179360850
22443502
4039183034
2155511378
4172092720
343241720
3632716725
3820283925
2796102575
3699853210
528270024
3206924950
1826991341
1520549859
2902587844
2940846939
2124591995
1930635031
906964036
2724379220
4028336661
1076365481
1399689732
2197727622
101794673
1359090730
3833832268
1410673481
1462584502
2266699157
2273914760
3747149587
990840827
2772610100
3243425162
2205477996
3796576043
55689649
1676260952
2569927444
2728350811
571731690
740129225
3205447400
2920794497
1142317724
187456101
2102358604
3537187099
3440226088
2590358726
1024712240
3641109761
501992233
268146992
606637331
1009940842
1244190875
3234873096
3247303414
1471042503
2710333718
4086499467
484591883
479100360
3113649678
680921234
1363338545
1616491589
3722440438
201544324
3004680612
1019632545
2555931868
524041565
3966193625
944499185
2571070336
2202282368
4094620883
2838579805
2308028703
2974483945
598658032
3451694855
956221111
2661967999
1284104661
3534563422
1989304262
2496148563
934871459
3854524317
1217101205
1642789075
3886384743
3660096085
4260327571
1204313923
4210810681
1448274993
2210111885
1368778236
3179299844
3344248360
3653519489
3545980607
2893503567
1232868804
1164485356
3718656218
451739127
2413577226
2460506142
562669035
3320977751
341966849
1225894077
3972692540
575880626
1682254896
252601508
2443923249
2215720999
1159128427
1708515508
1564603741
2603599304
4033270658
510701893
1839034662
2214153512
2053549649
2342795365
2108898406
4121690848
1495056077
3310511391
2392832355
1696118636
3512989975
196392580
385887638
338981383
782659422
937853976
1644126348
2168139005
2159768260
3457228901
1172993412
771327482
1247873971
3418130325
3953913647
726831334
2082900931
3005793951
1976959743
1017112879
3865931591
3646038937
1168302840
3528751053
1851075080
2602582087
2664775331
1467100728
939936195
82425476
2634604745
3535438769
1500711328
1318692996
3748665046
1164346250
2373853144
1162942959
564075510
3758249988
1522302708
2519399439
2472014211
4178291605
1187344091
2541433994
1204437883
3388381748
3657395399
1496668075
159489859
2679513127
2990804171
68060612
1159697110
3978787688
3945810127
3623299788
3192451444
1887192290
1776203191
3352834394
3925998111
2361641251
2375786796
741750327
3699983546
3815074525
2804951010
3437733646
1823630443
4072791749
1551106781
2938576016
119569003
42169439
3952712998
185530654
257981310
576435123
1725734074
2208771061
236479562
3004105193
4009678616
2764641605
2785570790
757538714
3123310844
3768675346
2782257175
2366227395
136774819
761096974
1410930070
1959688281
1722657530
1761911181
2180701193
787526602
2471868885
1654944442
1858412185
2955660244
3744197813
862523104
261937379
3494940896
4181642874
3886892469
2240488832
3064416361
3292375041
3709328430
961180445
641156611
2181821052
552628028
2202936392
587354847
2942148938
3429156026
1582472691
1986951731
2619653018
2852530226
3521567540
3304073458
454418016
2194771172
3730111843
1598522588
510016916
1172327500
174690399
400510616
1174116030
2324987260
3361778383
2587589943
4248844828
1939054657
3120724314
517572985
372695
2854779721
4082554354
86078803
3239736417
4259825556
3632758389
3424184115
2383502362
3751751219
2601865642
2501684685
4115892828
827569433
1111509874
738398433
3723385279
3247899423
1905019704
1478363470
3095954519
3240395940
3939984712
1146345723
1613929737
2260539021
1300105355
1642618079
2572503213
336049505
2765353829
3661306477
4035702441
1369963940
1883352538
1839598477
1061614042
3511527327
1363992177
2984001371
311356083
1209736758
2518302969
3097379441
4208022861
4031183742
3694917456
2368053811
3401144795
1314350331
1266142886
3592903894
2176975274
2255682023
1075475086
394540441
1466105218
3787672086
2335894052
1952378959
707485244
2183693418
2553572839
2375023237
4011886530
3365266969
2479256901
4185115613
3493772900
3128064999
79733889
3657947362
904499904
1266698986
423362928
1586084500
1887736467
4150554156
3594001162
33975422
3437691329
4165036782
2560638952
49585340
3040042472
1250169404
3039377023
1218353002
3388646773
2885533951
3928606636
1038391167
4162286517
3596570063
1781708768
1081252103
881197716
698022145
69250697
2692263308
3230505652
504695219
2989804324
1538080476
447741718
3678870552
3620909590
637946249
2600922464
3910904046
1789863255
3233734240
3390480764
919588964
4161858521
2979072938
2794893241
2781681244
256723807
3976083374
614264407
2804700426
2203593203
1004060488
1220173298
2557397513
3434052345
3931112838
2054749903
2929387926
3628550776
419549938
3740906159
1936640251
3741781663
2663126444
1345985798
295146225
1424079572
2644903305
590056163
1639504588
2791328315
2864969173
1067157536
4118107328
1105728363
704417546
3800685043
55606668
791859195
1153193695
3846484276
3301763933
1137563420
2655048235
3387091232
1066130981
1410359739
656131559
1651348918
396614348
1222025969
3900720018
1386501041
3862702767
3221157966
2651434104
3357427475
2308862674
3105526167
3160073626
1121049351
3956646410
217928967
2896540743
693303102
977983366
514013982
1041497272
3176159307
2341639731
1713691895
931625741
2696066491
7802513
175343617
1851702091
2069856871
2333239801
1395331979
2107732690
2139838113
3677794807
4206157482
2774933338
4158317072
387059497
2674929150
219929189
984684723
2430760158
3393043998
191658968
1201421673
3137211773
3358728674
2039319105
4015130465
2694351458
593736157
4152761353
2267832843
752776737
59081692
4148902283
1314650969
3788344450
3557793128
531384015
760474113
1700159976
573125690
2370342880
2348345371
2134775959
1438489427
472116825
1408810262
3030844706
68232988
1411380829
127369308
1673059143
2021604057
902508054
3066629601
392346352
8408360
4015405571
864455286
2922967945
4008317601
3736130460
2335384228
2923820999
753820583
1774797760
2031862706
2537384312
1235090362
1228466432
3110203541
1677223114
1550043585
692949011
4163138169
1009914833
2002603246
1750128929
3314371152
3892092656
792436217
3331142769
4293327632
4142643018
1830409448
3395859532
1824556014
2460895367
397488597
162757214
3569980035
1524078280
2900184843
3860443434
691206152
2510197332
1345050313
2491036993
291396353
2769114585
132668508
3935565372
1244564238
3002280865
3704201977
